USER FRIENDCOUNT
1 1
2 20
3 40
4 48
5 51
6 55
7 68
8 76
9 85
10 94
11 98
12 108
13 122
14 127
15 135
16 139
17 146
18 155
19 167
20 191
21 195
22 205
23 210
24 225
25 238
26 253
27 256
28 261
29 266
30 266
31 267
32 283
33 287
34 290
35 311
36 320
37 322
38 323
39 325
40 339
41 341
42 348
43 356
44 357
45 360
46 361
47 383
48 389
49 393
50 395
51 397
52 431
53 434
54 450
55 451
56 457
57 467
58 474
59 482
60 486
61 495
62 510
63 536
64 537
65 561
66 571
67 577
68 579
69 591
70 595
71 627
72 633
73 635
74 643
75 654
76 693
77 705
78 707
79 708
80 748
81 758
82 776
83 821
84 827
85 851
86 907
87 916
88 949
89 984
90 993
91 1145
92 1250
93 1427
94 1446
95 1559
96 1757
97 1931
98 2143
99 3955
